080000
F70000
080000
080000
080000
080000
080000
040000
080000
080000
080000
080000
080000
314000
080000
080000
080000
080000
080000
800060
080000
080000
080000
080000
080000
060070
080000
080000
080000
080000
080000
0D2710
080000
080000
080000
080000
080000
D2E000
080000
080000
080000
080000
080000
126000
080000
080000
080000
080000
080000
C2E000
080000
080000
080000
080000
080000
7E0000
080000
080000
080000
080000
080000
3DE000
080000
080000
080000
080000
080000
900078
080000
080000
080000
080000
080000