0000100000000000
1010000001001000
0000100000000000
0000100000000000
0000100000000000
0000100000000000
0000100000000000
1000000010010000
0000100000000000
0000100000000000
0000100000000000
0000100000000000
0000100000000000
1001000011000000
0000100000000000
0000100000000000
0000100000000000
0000100000000000
0000100000000000
0111111000000000
0000100000000000
0000100000000000
0000100000000000
0000100000000000
0000100000000000
1101000000000000
0000100000000000
0000100000000000
0000100000000000
0000100000000000
0000100000000000
1100001000000000
0000100000000000
0000100000000000
0000100000000000
0000100000000000
0000100000000000
0000010001111101
0000100000000000
0000100000000000
0000100000000000
0000100000000000
0000100000000000
1111010111111111
0000100000000000
0000100000000000
0000100000000000
0000100000000000
0000100000000000
0001010000000000
0000100000000000
0000100000000000
0000100000000000
0000100000000000
0000100000000000
0010010100010000
0000100000000000
0000100000000000
0000100000000000
0000100000000000
0000100000000000
0011011000100000
0000100000000000
0000100000000000
0000100000000000
0000100000000000
0000100000000000
0100011100110000
0000100000000000
0000100000000000
0000100000000000
0000100000000000
0000100000000000
0101010000000000
0000100000000000
0000100000000000
0000100000000000
0000100000000000
0000100000000000
0110010100010000
0000100000000000
0000100000000000
0000100000000000
0000100000000000
0000100000000000
